27459;1936; 1;   9.3
27459;1936; 2;  13.6
27459;1936; 3;   3.2
27459;1936; 4;  24.1
27459;1936; 5;  23.4
27459;1936; 6;  30.1
27459;1936; 7;  22.8
27459;1936; 8;  27.0
27459;1936; 9;   5.9
27459;1936;10;  41.0
27459;1936;11;  16.5
27459;1936;12;   7.4
27459;1937; 1;   4.5
27459;1937; 2;   8.8
27459;1937; 3;   9.7
27459;1937; 4;   0.4
27459;1937; 5;  16.4
27459;1937; 6;  10.7
27459;1937; 7;  56.3
27459;1937; 8;  11.2
27459;1937; 9;   4.0
27459;1937;10;   3.7
27459;1937;11;   3.3
27459;1937;12;   6.2
27459;1938; 1;  22.5
27459;1938; 2;   8.5
27459;1938; 3;  20.2
27459;1938; 4;  16.9
27459;1938; 5;  16.7
27459;1938; 6;  35.9
27459;1938; 7;   4.7
27459;1938; 8;   7.5
27459;1938; 9;   5.6
27459;1938;10;  19.3
27459;1938;11;  11.7
27459;1938;12;   3.0
27459;1939; 1;   9.5
27459;1939; 2;   2.2
27459;1939; 3;   1.5
27459;1939; 4;   4.0
27459;1939; 5;  15.6
27459;1939; 6;   7.2
27459;1939; 7;  17.2
27459;1939; 8;   6.7
27459;1939; 9;   9.1
27459;1939;10;  25.2
27459;1939;11;  20.2
27459;1939;12;  19.6
27459;1940; 1;   7.2
27459;1940; 2;   2.3
27459;1940; 3;  10.4
27459;1940; 4;  27.5
27459;1940; 5;   3.2
27459;1940; 6;   7.1
27459;1940; 7;  14.7
27459;1940; 8;   5.7
27459;1940; 9;  10.3
27459;1940;10;   4.8
27459;1940;11;  30.8
27459;1940;12;   1.8
27459;1941; 1;   1.6
27459;1941; 2;   1.9
27459;1941; 3;   2.5
27459;1941; 4;  12.3
27459;1941; 5;  13.3
27459;1941; 6;   7.4
27459;1941; 7;   5.6
27459;1941; 8;  11.5
27459;1941; 9;  19.3
27459;1941;10;  30.1
27459;1941;11;   2.5
27459;1941;12;  15.2
27459;1942; 1;   3.4
27459;1942; 2;   1.4
27459;1942; 3;   5.0
27459;1942; 4;  17.5
27459;1942; 5;   9.8
27459;1942; 6;  24.5
27459;1942; 7;  19.7
27459;1942; 8;  14.7
27459;1942; 9;  17.2
27459;1942;10;   8.2
27459;1942;11;   2.1
27459;1942;12;   6.2
27459;1943; 1;   4.3
27459;1943; 2;   8.1
27459;1943; 3;   1.5
27459;1943; 4;   9.5
27459;1943; 5;  11.5
27459;1943; 6;  37.7
27459;1943; 7;  94.1
27459;1943; 8;  15.0
27459;1943; 9;   6.0
27459;1943;10;  10.4
27459;1943;11;   0.4
27459;1943;12;  18.5
27459;1944; 1;   6.3
27459;1944; 2;   3.2
27459;1944; 3;   5.3
27459;1944; 4;  31.4
27459;1944; 5;   6.9
27459;1944; 6;  17.9
27459;1944; 7;  50.0
27459;1944; 8;  27.4
27459;1944; 9;  19.1
27459;1944;10;  10.8
27459;1944;11;   1.0
27459;1944;12;   5.1
27459;1945; 1;   1.4
27459;1945; 2;   4.1
27459;1945; 3;   3.2
27459;1945; 4;  12.4
27459;1945; 5;   9.0
27459;1945; 6;  25.5
27459;1945; 7;  53.3
27459;1945; 8;  53.3
27459;1945; 9;  16.2
27459;1945;10;  18.2
27459;1945;11;   4.8
27459;1945;12;   1.9
27459;1946; 1;   5.1
27459;1946; 2;   1.5
27459;1946; 3;   0.1
27459;1946; 4;  10.9
27459;1946; 5;   7.6
27459;1946; 6;  15.5
27459;1946; 7;  37.6
27459;1946; 8;  28.6
27459;1946; 9;   6.5
27459;1946;10;  10.1
27459;1946;11;   3.8
27459;1946;12;   3.1
27459;1947; 1;   4.2
27459;1947; 2;  14.2
27459;1947; 3;   7.8
27459;1947; 4;  14.3
27459;1947; 5;  17.4
27459;1947; 6;  19.6
27459;1947; 7;  37.6
27459;1947; 8;  22.0
27459;1947; 9;   9.2
27459;1947;10;  12.5
27459;1947;11;  18.5
27459;1947;12;  19.5
27459;1948; 1;  10.9
27459;1948; 2;  11.5
27459;1948; 3;   5.1
27459;1948; 4;   3.3
27459;1948; 5;  16.6
27459;1948; 6;  12.3
27459;1948; 7;  38.1
27459;1948; 8;  43.1
27459;1948; 9;  13.3
27459;1948;10;   5.1
27459;1948;11;   7.2
27459;1948;12;  11.7
27459;1949; 1;   2.9
27459;1949; 2;   7.7
27459;1949; 3;   2.4
27459;1949; 4;   7.2
27459;1949; 5;  21.8
27459;1949; 6;  35.6
27459;1949; 7;  36.2
27459;1949; 8;  12.7
27459;1949; 9;   3.2
27459;1949;10;  13.7
27459;1949;11;  10.1
27459;1949;12;   8.3
27459;1950; 1;   3.9
27459;1950; 2;  11.7
27459;1950; 3;   6.7
27459;1950; 4;   6.6
27459;1950; 5;  29.6
27459;1950; 6;  18.1
27459;1950; 7;  23.7
27459;1950; 8;  19.0
27459;1950; 9;  39.5
27459;1950;10;   6.7
27459;1950;11;  37.7
27459;1950;12;   5.1
27459;1951; 1;   0.0
27459;1951; 2;   0.0
27459;1951; 3;   2.7
27459;1951; 4;   3.6
27459;1951; 5;   0.0
27459;1951; 6;   0.0
27459;1951; 7;   0.0
27459;1951; 8;   0.0
27459;1951; 9;   0.0
27459;1951;10;   0.7
27459;1951;11;   5.3
27459;1951;12;   1.7
27459;1952; 1;   1.3
27459;1952; 2;   0.1
27459;1952; 3;   0.0
27459;1952; 4;   2.6
27459;1952; 5;   0.0
27459;1952; 6;   0.0
27459;1952; 7;   0.0
27459;1952; 8;   0.0
27459;1952; 9;   0.0
27459;1952;10;   0.7
27459;1952;11;  11.6
27459;1952;12;   5.6
27459;1953; 1;   0.2
27459;1953; 2;   0.0
27459;1953; 3;   0.1
27459;1953; 4;   3.8
27459;1953; 5;   0.0
27459;1953; 6;   0.0
27459;1953; 7;   0.0
27459;1953; 8;   0.0
27459;1953; 9;   0.6
27459;1953;10;   9.1
27459;1953;11;   3.8
27459;1953;12;   2.1
27459;1954; 1;   1.5
27459;1954; 2;   0.0
27459;1954; 3;   0.0
27459;1954; 4;   0.3
27459;1954; 5;   0.0
27459;1954; 6;   0.0
27459;1954; 7;   0.0
27459;1954; 8;   0.0
27459;1954; 9;   0.0
27459;1954;10;   4.9
27459;1954;11;   1.9
27459;1954;12;   8.0
27459;1955; 1;   1.3
27459;1955; 2;   2.3
27459;1955; 3;   0.7
27459;1955; 4;   1.7
27459;1955; 5;   0.0
27459;1955; 6;   0.0
27459;1955; 7;   0.0
27459;1955; 8;   0.0
27459;1955; 9;   1.1
27459;1955;10;   0.1
27459;1955;11;  10.5
27459;1955;12;   5.1
27459;1956; 1;   0.3
27459;1956; 2;   0.0
27459;1956; 3;   0.0
27459;1956; 4;   6.6
27459;1956; 5;   0.0
27459;1956; 6;   0.0
27459;1956; 7;   0.0
27459;1956; 8;   0.0
27459;1956; 9;   0.2
27459;1956;10;   9.2
27459;1956;11;   1.4
27459;1956;12;   7.3
27459;1957; 1;   1.6
27459;1957; 2;   4.8
27459;1957; 3;   0.1
27459;1957; 4;   1.2
27459;1957; 5;   0.0
27459;1957; 6;   0.0
27459;1957; 7;   0.0
27459;1957; 8;   0.0
27459;1957; 9;   0.0
27459;1957;10;   0.0
27459;1957;11;   0.0
27459;1957;12;  10.6
27459;1958; 1;   2.8
27459;1958; 2;   0.0
27459;1958; 3;   0.9
27459;1958; 4;   4.9
27459;1958; 5;   0.5
27459;1958; 6;   0.0
27459;1958; 7;   0.0
27459;1958; 8;   0.0
27459;1958; 9;   0.1
27459;1958;10;  10.6
27459;1958;11;   8.0
27459;1958;12;   0.6
27459;1959; 1;   1.5
27459;1959; 2;   0.4
27459;1959; 3;   1.8
27459;1959; 4;   1.3
27459;1959; 5;   0.0
27459;1959; 6;   0.0
27459;1959; 7;   0.0
27459;1959; 8;   0.0
27459;1959; 9;   0.4
27459;1959;10;   5.5
27459;1959;11;   0.4
27459;1959;12;   0.0
27459;1960; 1;   1.8
27459;1960; 2;  12.2
27459;1960; 3;   3.3
27459;1960; 4;   0.0
27459;1960; 5;   0.0
27459;1960; 6;   0.0
27459;1960; 7;   0.0
27459;1960; 8;   0.0
27459;1960; 9;   0.0
27459;1960;10;   5.4
27459;1960;11;   2.6
27459;1960;12;   0.4
27459;1961; 1;   0.3
27459;1961; 2;   2.3
27459;1961; 3;   7.3
27459;1961; 4;   3.2
27459;1961; 5;   0.0
27459;1961; 6;   0.0
27459;1961; 7;   0.0
27459;1961; 8;   0.0
27459;1961; 9;   0.0
27459;1961;10;   0.0
27459;1961;11;   1.5
27459;1961;12;   3.2
27459;1962; 1;   0.0
27459;1962; 2;   6.5
27459;1962; 3;  16.9
27459;1962; 4;   0.0
27459;1962; 5;   0.0
27459;1962; 6;   0.0
27459;1962; 7;   0.0
27459;1962; 8;   0.0
27459;1962; 9;   0.0
27459;1962;10;   2.2
27459;1962;11;   5.0
27459;1962;12;   0.0
27459;1963; 1;   0.5
27459;1963; 2;   0.0
27459;1963; 3;   0.0
27459;1963; 4;   0.0
27459;1963; 5;   0.0
27459;1963; 6;   0.2
27459;1963; 7;   0.0
27459;1963; 8;   0.0
27459;1963; 9;   0.0
27459;1963;10;   6.6
27459;1963;11;  11.9
27459;1963;12;   0.8
27459;1964; 1;   2.2
27459;1964; 2;   0.0
27459;1964; 3;   0.0
27459;1964; 4;   4.2
27459;1964; 5;   0.0
27459;1964; 6;   0.0
27459;1964; 7;   0.0
27459;1964; 8;   0.0
27459;1964; 9;   0.0
27459;1964;10;   1.3
27459;1964;11;   6.2
27459;1964;12;  25.4
27459;1965; 1;   0.0
27459;1965; 2;   0.0
27459;1965; 3;   0.8
27459;1965; 4;   0.0
27459;1965; 5;   0.6
27459;1965; 6;   0.0
27459;1965; 7;   0.0
27459;1965; 8;   0.0
27459;1965; 9;   0.0
27459;1965;10;   0.4
27459;1965;11;   4.8
27459;1965;12;  23.5
27459;1966; 1;   1.3
27459;1966; 2;   3.1
27459;1966; 3;   4.0
27459;1966; 4;   0.2
27459;1966; 5;   0.0
27459;1966; 6;   0.0
27459;1966; 7;   0.0
27459;1966; 8;   0.0
27459;1966; 9;   0.6
27459;1966;10;   0.9
27459;1966;11;  22.6
27459;1966;12;   0.0
27459;1967; 1;   0.0
27459;1967; 2;   0.0
27459;1967; 3;   3.0
27459;1967; 4;   3.0
27459;1967; 5;   0.0
27459;1967; 6;   0.0
27459;1967; 7;   0.0
27459;1967; 8;   0.0
27459;1967; 9;   0.0
27459;1967;10;   0.0
27459;1967;11;   0.5
27459;1967;12;  17.0
27459;1968; 1;   0.4
27459;1968; 2;  10.6
27459;1968; 3;   4.3
27459;1968; 4;  10.0
27459;1968; 5;   0.0
27459;1968; 6;   0.0
27459;1968; 7;   0.0
27459;1968; 8;   0.0
27459;1968; 9;   0.0
27459;1968;10;   2.1
27459;1968;11;   0.0
27459;1968;12;   1.5
27459;1969; 1;   0.0
27459;1969; 2;   0.2
27459;1969; 3;   0.0
27459;1969; 4;   0.1
27459;1969; 5;   0.0
27459;1969; 6;   0.0
27459;1969; 7;   0.0
27459;1969; 8;   0.0
27459;1969; 9;   0.0
27459;1969;10;   3.5
27459;1969;11;   3.1
27459;1969;12;   0.5
27459;1970; 1;   0.4
27459;1970; 2;   0.3
27459;1970; 3;   9.7
27459;1970; 4;   2.2
27459;1970; 5;   0.0
27459;1970; 6;   0.0
27459;1970; 7;   0.0
27459;1970; 8;   0.0
27459;1970; 9;   1.2
27459;1970;10;   2.7
27459;1970;11;   8.0
27459;1970;12;   2.2
27459;1971; 1;  17.0
27459;1971; 2;   0.0
27459;1971; 3;   0.0
27459;1971; 4;   1.0
27459;1971; 5;   0.0
27459;1971; 6;   0.0
27459;1971; 7;   0.0
27459;1971; 8;   0.0
27459;1971; 9;   0.0
27459;1971;10;  21.2
27459;1971;11;  29.5
27459;1971;12;   3.5
27459;1972; 1;   0.5
27459;1972; 2;   0.3
27459;1972; 3;   8.6
27459;1972; 4;   4.9
27459;1972; 5;   0.0
27459;1972; 6;   0.0
27459;1972; 7;   0.0
27459;1972; 8;   0.0
27459;1972; 9;   0.0
27459;1972;10;   0.4
27459;1972;11;  15.3
27459;1972;12;   1.0
27459;1973; 1;   0.0
27459;1973; 2;  14.5
27459;1973; 3;   2.4
27459;1973; 4;  10.8
27459;1973; 5;   0.0
27459;1973; 6;   0.0
27459;1973; 7;   0.0
27459;1973; 8;   0.0
27459;1973; 9;   0.1
27459;1973;10;  29.2
27459;1973;11;  18.0
27459;1973;12;  11.0
27459;1974; 1;   0.8
27459;1974; 2;   0.0
27459;1974; 3;   1.4
27459;1974; 4;   8.8
27459;1974; 5;   0.0
27459;1974; 6;   0.0
27459;1974; 7;   0.0
27459;1974; 8;   0.0
27459;1974; 9;   0.0
27459;1974;10;   0.0
27459;1974;11;   6.6
27459;1974;12;   6.0
27459;1975; 1;   7.5
27459;1975; 2;   2.6
27459;1975; 3;  12.1
27459;1975; 4;   1.6
27459;1975; 5;   0.0
27459;1975; 6;   0.0
27459;1975; 7;   0.0
27459;1975; 8;   0.0
27459;1975; 9;   0.0
27459;1975;10;   0.3
27459;1975;11;   4.5
27459;1975;12;   0.3
27459;1976; 1;   2.8
27459;1976; 2;   0.5
27459;1976; 3;   0.0
27459;1976; 4;   3.0
27459;1976; 5;   0.0
27459;1976; 6;   0.0
27459;1976; 7;   0.0
27459;1976; 8;   0.0
27459;1976; 9;   1.0
27459;1976;10;   0.6
27459;1976;11;  10.1
27459;1976;12;   0.0
27459;1977; 1;   0.0
27459;1977; 2;   9.4
27459;1977; 3;   4.8
27459;1977; 4;   1.5
27459;1977; 5;   0.0
27459;1977; 6;   0.0
27459;1977; 7;   0.0
27459;1977; 8;   0.0
27459;1977; 9;  11.4
27459;1977;10;   6.3
27459;1977;11;   5.7
27459;1977;12;   4.7
27459;1978; 1;   2.3
27459;1978; 2;   6.8
27459;1978; 3;   7.4
27459;1978; 4;   0.2
27459;1978; 5;   0.0
27459;1978; 6;   2.1
27459;1978; 7;   0.0
27459;1978; 8;   0.0
27459;1978; 9;   0.0
27459;1978;10;   8.8
27459;1978;11;9999.9
27459;1978;12;   2.8
27459;1979; 1;  17.2
27459;1979; 2;   0.0
27459;1979; 3;  12.3
27459;1979; 4;  21.4
27459;1979; 5;   0.0
27459;1979; 6;   0.3
27459;1979; 7;   0.0
27459;1979; 8;   0.0
27459;1979; 9;   0.0
27459;1979;10;   0.4
27459;1979;11;   5.9
27459;1979;12;  16.6
27459;1980; 1;   0.0
27459;1980; 2;   9.1
27459;1980; 3;   0.2
27459;1980; 4;   2.4
27459;1980; 5;   0.0
27459;1980; 6;   0.0
27459;1980; 7;   0.0
27459;1980; 8;   0.0
27459;1980; 9;   0.3
27459;1980;10;  10.2
27459;1980;11;  16.1
27459;1980;12;  23.9
27459;1981; 1;  12.0
27459;1981; 2;   5.3
27459;1981; 3;   6.8
27459;1981; 4;   3.4
27459;1981; 5;   0.0
27459;1981; 6;   0.0
27459;1981; 7;   0.0
27459;1981; 8;   0.0
27459;1981; 9;   0.0
27459;1981;10;   0.0
27459;1981;11;   9.2
27459;1981;12;  14.7
27459;1982; 1;   4.6
27459;1982; 2;   0.7
27459;1982; 3;   3.2
27459;1982; 4;   0.0
27459;1982; 5;   0.3
27459;1982; 6;   0.1
27459;1982; 7;   0.0
27459;1982; 8;   0.0
27459;1982; 9;   0.0
27459;1982;10;   3.5
27459;1982;11;  13.7
27459;1982;12;   9.2
27459;1983; 1;   6.0
27459;1983; 2;   9.7
27459;1983; 3;   0.0
27459;1983; 4;  21.6
27459;1983; 5;   0.0
27459;1983; 6;   1.8
27459;1983; 7;   0.0
27459;1983; 8;   0.0
27459;1983; 9;   0.1
27459;1983;10;   3.0
27459;1983;11;   2.2
27459;1983;12;   6.5
27459;1984; 1;   5.7
27459;1984; 2;   0.0
27459;1984; 3;   0.3
27459;1984; 4;   0.0
27459;1984; 5;   0.0
27459;1984; 6;   0.0
27459;1984; 7;   0.0
27459;1984; 8;   0.0
27459;1984; 9;   0.0
27459;1984;10;   4.4
27459;1984;11;  11.6
27459;1984;12;  12.2
27459;1985; 1;  13.5
27459;1985; 2;   0.0
27459;1985; 3;   1.6
27459;1985; 4;   4.3
27459;1985; 5;   0.0
27459;1985; 6;   0.0
27459;1985; 7;   0.0
27459;1985; 8;   0.0
27459;1985; 9;   0.0
27459;1985;10;   9.5
27459;1985;11;  14.0
27459;1985;12;   9.5
27459;1986; 1;   0.0
27459;1986; 2;   0.0
27459;1986; 3;   1.5
27459;1986; 4;  15.4
27459;1986; 5;   0.0
27459;1986; 6;   0.0
27459;1986; 7;   0.0
27459;1986; 8;   0.0
27459;1986; 9;   2.5
27459;1986;10;   6.6
27459;1986;11;   3.7
27459;1986;12;   5.0
27459;1987; 1;   0.1
27459;1987; 2;   8.1
27459;1987; 3;   0.5
27459;1987; 4;  12.9
27459;1987; 5;   0.0
27459;1987; 6;   0.0
27459;1987; 7;   0.0
27459;1987; 8;   0.0
27459;1987; 9;   0.0
27459;1987;10;   0.0
27459;1987;11;  11.8
27459;1987;12;   8.1
27459;1988; 1;   0.2
27459;1988; 2;   0.2
27459;1988; 3;   4.6
27459;1988; 4;  11.0
27459;1988; 5;   0.0
27459;1988; 6;   0.0
27459;1988; 7;   0.0
27459;1988; 8;   0.0
27459;1988; 9;   0.0
27459;1988;10;   5.1
27459;1988;11;   6.8
27459;1988;12;   9.2
27459;1989; 1;   6.1
27459;1989; 2;   7.6
27459;1989; 3;  11.3
27459;1989; 4;   3.7
27459;1989; 5;   0.0
27459;1989; 6;   0.0
27459;1989; 7;   0.0
27459;1989; 8;   0.0
27459;1989; 9;   0.0
27459;1989;10;   0.6
27459;1989;11;  11.0
27459;1989;12;  24.6
27459;1990; 1;   8.1
27459;1990; 2;   7.3
27459;1990; 3;  14.8
27459;1990; 4;   1.7
27459;1990; 5;   0.0
27459;1990; 6;   0.0
27459;1990; 7;   0.0
27459;1990; 8;   0.0
27459;1990; 9;9999.9
27459;1990;10;  30.0
27459;1990;11;  20.0
27459;1990;12;   0.2
27459;1991; 1;   3.3
27459;1991; 2;   0.7
27459;1991; 3;   5.2
27459;1991; 4;   0.9
27459;1991; 5;   0.0
27459;1991; 6;   0.0
27459;1991; 7;   0.0
27459;1991; 8;   0.0
27459;1991; 9;   1.3
27459;1991;10;  10.9
27459;1991;11;   5.0
27459;1991;12;  16.5
27459;1992; 1;  12.1
27459;1992; 2;   7.7
27459;1992; 3;   0.5
27459;1992; 4;9999.9
27459;1992; 5;9999.9
27459;1992; 6;   0.0
27459;1992; 7;   0.0
27459;1992; 8;   0.0
27459;1992; 9;   0.0
27459;1992;10;  10.3
27459;1992;11;   8.8
27459;1992;12;   4.4
27459;1993; 1;   5.6
27459;1993; 2;   6.9
27459;1993; 3;   4.7
27459;1993; 4;   0.0
27459;1993; 5;   0.2
27459;1993; 6;   0.0
27459;1993; 7;   0.0
27459;1993; 8;   0.0
27459;1993; 9;   0.3
27459;1993;10;   1.5
27459;1993;11;   0.0
27459;1993;12;  35.0
27459;1994; 1;  19.8
27459;1994; 2;   6.8
27459;1994; 3;  37.6
27459;1994; 4;   0.0
27459;1994; 5;   0.0
27459;1994; 6;   0.0
27459;1994; 7;   0.0
27459;1994; 8;   0.0
27459;1994; 9;   0.0
27459;1994;10;   1.8
27459;1994;11;  28.2
27459;1994;12;   0.3
27459;1995; 1;   2.3
27459;1995; 2;  21.8
27459;1995; 3;   3.0
27459;1995; 4;   3.5
27459;1995; 5;   0.0
27459;1995; 6;   0.0
27459;1995; 7;   0.0
27459;1995; 8;   0.0
27459;1995; 9;   0.0
27459;1995;10;   2.1
27459;1995;11;  20.7
27459;1995;12;   4.1
27459;1996; 1;   1.5
27459;1996; 2;   2.5
27459;1996; 3;   0.0
27459;1996; 4;   6.3
27459;1996; 5;   0.0
27459;1996; 6;   0.0
27459;1996; 7;   0.0
27459;1996; 8;   0.0
27459;1996; 9;   0.5
27459;1996;10;   0.0
27459;1996;11;  11.9
27459;1996;12;   6.6
27459;1997; 1;   2.8
27459;1997; 2;  11.6
27459;1997; 3;   6.9
27459;1997; 4;   0.2
27459;1997; 5;   0.0
27459;1997; 6;   0.0
27459;1997; 7;   0.0
27459;1997; 8;   0.0
27459;1997; 9;   0.0
27459;1997;10;   2.4
27459;1997;11;   9.6
27459;1997;12;   3.1
27459;1998; 1;   0.0
27459;1998; 2;   4.4
27459;1998; 3;  13.5
27459;1998; 4;  25.7
27459;1998; 5;   0.0
27459;1998; 6;   0.0
27459;1998; 7;   0.0
27459;1998; 8;   0.0
27459;1998; 9;   0.0
27459;1998;10;   0.0
27459;1998;11;   0.9
27459;1998;12;  40.5
27459;1999; 1;  22.9
27459;1999; 2;  13.6
27459;1999; 3;   6.0
27459;1999; 4;   1.1
27459;1999; 5;   3.5
27459;1999; 6;   0.0
27459;1999; 7;   0.0
27459;1999; 8;   0.0
27459;1999; 9;   0.0
27459;1999;10;   1.2
27459;1999;11;   5.7
27459;1999;12;  14.9
27459;2000; 1;   6.1
27459;2000; 2;   4.2
27459;2000; 3;   9.1
27459;2000; 4;   1.8
27459;2000; 5;  10.7
27459;2000; 6;   0.0
27459;2000; 7;   0.0
27459;2000; 8;   0.0
27459;2000; 9;   0.0
27459;2000;10;   0.0
27459;2000;11;   4.2
27459;2000;12;  15.5
27459;2001; 1;  11.4
27459;2001; 2;   8.2
27459;2001; 3;  24.1
27459;2001; 4;   0.0
27459;2001; 5;   1.7
27459;2001; 6;   0.0
27459;2001; 7;   0.0
27459;2001; 8;   0.0
27459;2001; 9;   0.0
27459;2001;10;  23.5
27459;2001;11;  25.3
27459;2001;12;   5.4
27459;2002; 1;  15.8
27459;2002; 2;  10.6
27459;2002; 3;  36.6
27459;2002; 4;  13.3
27459;2002; 5;   0.5
27459;2002; 6;   0.0
27459;2002; 7;   0.0
27459;2002; 8;   0.0
27459;2002; 9;   0.0
27459;2002;10;  19.6
27459;2002;11;  28.7
27459;2002;12;   0.0
27459;2003; 1;   9.8
27459;2003; 2;   0.7
27459;2003; 3;   1.4
27459;2003; 4;   0.2
27459;2003; 5;   0.0
27459;2003; 6;   2.2
27459;2003; 7;   0.0
27459;2003; 8;   0.0
27459;2003; 9;   0.0
27459;2003;10;   3.0
27459;2003;11;  10.1
27459;2003;12;  24.2
27459;2004; 1;   0.6
27459;2004; 2;   2.2
27459;2004; 3;   3.0
27459;2004; 4;   4.7
27459;2004; 5;   0.0
27459;2004; 6;   0.0
27459;2004; 7;   0.0
27459;2004; 8;   0.0
27459;2004; 9;   0.0
27459;2004;10;   0.2
27459;2004;11;  15.9
27459;2004;12;   7.4
27459;2005; 1;  11.5
27459;2005; 2;   5.7
27459;2005; 3;  12.4
27459;2005; 4;   0.0
27459;2005; 5;   0.0
27459;2005; 6;   0.0
27459;2005; 7;   0.0
27459;2005; 8;   0.0
27459;2005; 9;   0.0
27459;2005;10;  12.9
27459;2005;11;   9.2
27459;2005;12;  17.7
27459;2006; 1;   2.2
27459;2006; 2;   4.9
27459;2006; 3;   0.0
27459;2006; 4;   0.4
27459;2006; 5;   0.0
27459;2006; 6;   0.0
27459;2006; 7;   0.0
27459;2006; 8;   0.0
27459;2006; 9;   0.0
27459;2006;10;  12.0
27459;2006;11;  25.4
27459;2006;12;  18.9
27459;2007; 1;   1.2
27459;2007; 2;  11.7
27459;2007; 3;   0.0
27459;2007; 4;  16.3
27459;2007; 5;   0.2
27459;2007; 6;   0.0
27459;2007; 7;   0.0
27459;2007; 8;   0.0
27459;2007; 9;   0.0
27459;2007;10;   0.0
27459;2007;11;   9.9
27459;2007;12;  11.2
27459;2008; 1;   6.6
27459;2008; 2;   6.4
27459;2008; 3;  15.8
27459;2008; 4;   0.0
27459;2008; 5;   0.0
27459;2008; 6;   0.0
27459;2008; 7;   0.0
27459;2008; 8;   0.0
27459;2008; 9;   0.0
27459;2008;10;   0.0
27459;2008;11;  22.4
27459;2008;12;   0.0
27459;2009; 1;  11.2
27459;2009; 2;   3.1
27459;2009; 3;   4.8
27459;2009; 4;   0.2
27459;2009; 5;   0.0
27459;2009; 6;   0.0
27459;2009; 7;   0.0
27459;2009; 8;   0.0
27459;2009; 9;   0.0
27459;2009;10;   9.5
27459;2009;11;  10.7
27459;2009;12;   3.4
27459;2010; 1;   0.4
27459;2010; 2;   5.0
27459;2010; 3;   2.5
27459;2010; 4;   2.3
27459;2010; 5;   0.0
27459;2010; 6;   0.0
27459;2010; 7;   0.0
27459;2010; 8;   0.0
27459;2010; 9;   0.0
27459;2010;10;   6.4
27459;2010;11;  20.8
27459;2010;12;  42.9
27459;2011; 1;   2.0
27459;2011; 2;   0.0
27459;2011; 3;  21.9
27459;2011; 4;   1.1
27459;2011; 5;   0.0
27459;2011; 6;   0.0
27459;2011; 7;   0.0
27459;2011; 8;   0.0
27459;2011; 9;   0.0
27459;2011;10;   4.5
27459;2011;11;  22.8
27459;2011;12;  14.8
27459;2012; 1;   8.6
27459;2012; 2;   0.0
27459;2012; 3;  16.5
27459;2012; 4;  14.9
27459;2012; 5;   0.0
27459;2012; 6;   0.0
27459;2012; 7;   0.0
27459;2012; 8;   0.0
27459;2012; 9;   0.0
27459;2012;10;   7.1
27459;2012;11;   3.4
27459;2012;12;  25.5
27459;2013; 1;   0.0
27459;2013; 2;   7.4
27459;2013; 3;  19.7
27459;2013; 4;   0.0
27459;2013; 5;   0.0
27459;2013; 6;   0.0
27459;2013; 7;   0.0
27459;2013; 8;   0.0
27459;2013; 9;   0.0
27459;2013;10;   0.0
27459;2013;11;   0.0
27459;2013;12;   0.4
27459;2014; 1;   9.5
27459;2014; 2;   1.2
27459;2014; 3;   0.2
27459;2014; 4;   3.1
27459;2014; 5;   0.0
27459;2014; 6;   0.0
27459;2014; 7;   0.0
27459;2014; 8;   0.0
27459;2014; 9;   0.0
27459;2014;10;  14.2
27459;2014;11;   0.0
27459;2014;12;   6.4
27459;2015; 1;   1.9
27459;2015; 2;  14.0
27459;2015; 3;   0.0
27459;2015; 4;   6.8
27459;2015; 5;   0.0
27459;2015; 6;   0.0
27459;2015; 7;   0.0
27459;2015; 8;   0.0
27459;2015; 9;   0.0
27459;2015;10;   7.1
27459;2015;11;  16.6
27459;2015;12;  16.4
