34561;1938; 2;   8.8
34561;1938; 3;  11.1
34561;1938; 4;9999.9
34561;1938; 5;  18.2
34561;1938; 6;   3.7
34561;1938; 7;   4.6
34561;1938; 8;  27.8
34561;1938; 9;   3.6
34561;1938;10;   5.6
34561;1938;11;   5.7
34561;1938;12;9999.9
34561;1939; 1;  14.1
34561;1939; 2;   4.2
34561;1939; 3;   2.8
34561;1939; 4;   6.7
34561;1939; 5;  12.1
34561;1939; 6;  32.4
34561;1939; 7;  28.5
34561;1939; 8;   1.4
34561;1939; 9;  20.5
34561;1939;10;  20.7
34561;1939;11;9999.9
34561;1939;12;9999.9
34561;1940; 1;   5.4
34561;1940; 2;   0.8
34561;1940; 3;   1.7
34561;1940; 4;   3.8
34561;1940; 5;   8.1
34561;1940; 6;  11.1
34561;1940; 7;  15.6
34561;1940; 8;   2.2
34561;1940; 9;  11.1
34561;1940;10;   9.2
34561;1940;11;  16.6
34561;1940;12;   9.9
34561;1941; 1;9999.9
34561;1941; 2;9999.9
34561;1941; 3;   5.5
34561;1941; 4;  10.3
34561;1941; 5;  27.6
34561;1941; 6;9999.9
34561;1941; 7;9999.9
34561;1941; 8;9999.9
34561;1941; 9;9999.9
34561;1941;10;9999.9
34561;1941;11;9999.9
34561;1941;12;9999.9
34561;1942; 1;   3.1
34561;1942; 2;   6.7
34561;1942; 3;   4.9
34561;1942; 4;   5.6
34561;1942; 5;9999.9
34561;1942; 6;9999.9
34561;1942; 7;9999.9
34561;1942; 8;9999.9
34561;1942; 9;9999.9
34561;1942;10;9999.9
34561;1942;11;9999.9
34561;1942;12;9999.9
34561;1943; 1;9999.9
34561;1943; 2;9999.9
34561;1943; 3;9999.9
34561;1943; 4;   5.1
34561;1943; 5;  13.0
34561;1943; 6;   6.6
34561;1943; 7;  31.7
34561;1943; 8;   1.9
34561;1943; 9;   7.5
34561;1943;10;   0.5
34561;1943;11;9999.9
34561;1943;12;   7.9
34561;1944; 1;   4.4
34561;1944; 2;   4.5
34561;1944; 3;  15.4
34561;1944; 4;   1.4
34561;1944; 5;  41.3
34561;1944; 6;  40.2
34561;1944; 7;  23.9
34561;1944; 8;   4.4
34561;1944; 9;   6.4
34561;1944;10;   0.7
34561;1944;11;  10.3
34561;1944;12;   2.6
34561;1945; 1;   1.6
34561;1945; 2;   2.2
34561;1945; 3;   8.4
34561;1945; 4;  15.5
34561;1945; 5;  21.1
34561;1945; 6;  15.7
34561;1945; 7;   8.5
34561;1945; 8;  56.9
34561;1945; 9;  16.6
34561;1945;10;  11.8
34561;1945;11;   1.2
34561;1945;12;  10.3
34561;1946; 1;  10.5
34561;1946; 2;   6.8
34561;1946; 3;  40.3
34561;1946; 4;  11.8
34561;1946; 5;  10.0
34561;1946; 6;  10.0
34561;1946; 7;  36.6
34561;1946; 8;  23.5
34561;1946; 9;   4.2
34561;1946;10;  13.2
34561;1946;11;  12.0
34561;1946;12;   1.9
34561;1947; 1;   0.1
34561;1947; 2;   8.9
34561;1947; 3;   5.5
34561;1947; 4;   5.0
34561;1947; 5;   6.3
34561;1947; 6;   7.3
34561;1947; 7;  15.5
34561;1947; 8;  34.2
34561;1947; 9;  14.5
34561;1947;10;   3.1
34561;1947;11;   3.9
34561;1947;12;  13.8
34561;1948; 1;   9.7
34561;1948; 2;   7.2
34561;1948; 3;   4.4
34561;1948; 4;   2.4
34561;1948; 5;  11.8
34561;1948; 6;   9.5
34561;1948; 7;  17.4
34561;1948; 8;  16.5
34561;1948; 9;  17.6
34561;1948;10;   4.7
34561;1948;11;   3.8
34561;1948;12;   1.8
34561;1949; 1;   3.5
34561;1949; 2;   0.3
34561;1949; 3;   1.2
34561;1949; 4;   7.7
34561;1949; 5;   4.7
34561;1949; 6;  18.0
34561;1949; 7;  18.2
34561;1949; 8;  15.0
34561;1949; 9;   2.0
34561;1949;10;   6.8
34561;1949;11;   1.7
34561;1949;12;   4.6
34561;1950; 1;  13.2
34561;1950; 2;   3.5
34561;1950; 3;   4.6
34561;1950; 4;   6.7
34561;1950; 5;   7.8
34561;1950; 6;  33.8
34561;1950; 7;   8.8
34561;1950; 8;  14.1
34561;1950; 9;  17.9
34561;1950;10;   8.1
34561;1950;11;   1.6
34561;1950;12;   6.0
34561;1951; 1;   3.9
34561;1951; 2;   1.4
34561;1951; 3;  13.7
34561;1951; 4;   0.0
34561;1951; 5;   0.0
34561;1951; 6;   0.0
34561;1951; 7;   0.0
34561;1951; 8;   0.0
34561;1951; 9;   0.0
34561;1951;10;   0.8
34561;1951;11;  16.6
34561;1951;12;   4.3
34561;1952; 1;  10.8
34561;1952; 2;   1.7
34561;1952; 3;   0.0
34561;1952; 4;   1.7
34561;1952; 5;   0.0
34561;1952; 6;   0.0
34561;1952; 7;   0.0
34561;1952; 8;   0.0
34561;1952; 9;   0.0
34561;1952;10;   0.1
34561;1952;11;   2.4
34561;1952;12;  11.6
34561;1953; 1;   4.2
34561;1953; 2;   9.7
34561;1953; 3;   2.8
34561;1953; 4;   0.0
34561;1953; 5;   0.0
34561;1953; 6;   0.0
34561;1953; 7;   0.0
34561;1953; 8;   0.0
34561;1953; 9;   0.0
34561;1953;10;   0.0
34561;1953;11;   0.0
34561;1953;12;   1.0
34561;1954; 1;   0.0
34561;1954; 2;   0.0
34561;1954; 3;   0.1
34561;1954; 4;   0.0
34561;1954; 5;   0.0
34561;1954; 6;   0.0
34561;1954; 7;   0.0
34561;1954; 8;   0.0
34561;1954; 9;   0.0
34561;1954;10;   0.0
34561;1954;11;   0.0
34561;1954;12;   3.8
34561;1955; 1;  11.2
34561;1955; 2;   0.4
34561;1955; 3;   5.0
34561;1955; 4;   0.4
34561;1955; 5;9999.9
34561;1955; 6;9999.9
34561;1955; 7;9999.9
34561;1955; 8;9999.9
34561;1955; 9;9999.9
34561;1955;10;9999.9
34561;1955;11;9999.9
34561;1955;12;9999.9
34561;1956; 1;9999.9
34561;1956; 2;9999.9
34561;1956; 3;9999.9
34561;1956; 4;9999.9
34561;1956; 5;9999.9
34561;1956; 6;9999.9
34561;1956; 7;9999.9
34561;1956; 8;9999.9
34561;1956; 9;9999.9
34561;1956;10;9999.9
34561;1956;11;9999.9
34561;1956;12;9999.9
34561;1957; 1;9999.9
34561;1957; 2;9999.9
34561;1957; 3;9999.9
34561;1957; 4;9999.9
34561;1957; 5;9999.9
34561;1957; 6;9999.9
34561;1957; 7;9999.9
34561;1957; 8;9999.9
34561;1957; 9;9999.9
34561;1957;10;9999.9
34561;1957;11;9999.9
34561;1957;12;9999.9
34561;1958; 1;9999.9
34561;1958; 2;9999.9
34561;1958; 3;9999.9
34561;1958; 4;9999.9
34561;1958; 5;9999.9
34561;1958; 6;9999.9
34561;1958; 7;9999.9
34561;1958; 8;9999.9
34561;1958; 9;9999.9
34561;1958;10;9999.9
34561;1958;11;9999.9
34561;1958;12;9999.9
34561;1959; 1;9999.9
34561;1959; 2;9999.9
34561;1959; 3;9999.9
34561;1959; 4;9999.9
34561;1959; 5;9999.9
34561;1959; 6;9999.9
34561;1959; 7;9999.9
34561;1959; 8;9999.9
34561;1959; 9;9999.9
34561;1959;10;9999.9
34561;1959;11;9999.9
34561;1959;12;9999.9
34561;1960; 1;9999.9
34561;1960; 2;9999.9
34561;1960; 3;9999.9
34561;1960; 4;9999.9
34561;1960; 5;9999.9
34561;1960; 6;9999.9
34561;1960; 7;9999.9
34561;1960; 8;9999.9
34561;1960; 9;9999.9
34561;1960;10;9999.9
34561;1960;11;   1.4
34561;1960;12;   5.2
34561;1961; 1;   0.1
34561;1961; 2;   0.4
34561;1961; 3;   8.7
34561;1961; 4;   0.5
34561;1961; 5;   0.0
34561;1961; 6;   0.0
34561;1961; 7;   0.0
34561;1961; 8;   0.0
34561;1961; 9;   0.0
34561;1961;10;   0.0
34561;1961;11;   9.1
34561;1961;12;   4.6
34561;1962; 1;   5.1
34561;1962; 2;   0.2
34561;1962; 3;   0.0
34561;1962; 4;   0.0
34561;1962; 5;   0.0
34561;1962; 6;   0.0
34561;1962; 7;   0.0
34561;1962; 8;   0.0
34561;1962; 9;   0.0
34561;1962;10;   0.0
34561;1962;11;   0.2
34561;1962;12;  14.1
34561;1963; 1;  11.7
34561;1963; 2;   1.1
34561;1963; 3;  14.2
34561;1963; 4;   0.0
34561;1963; 5;   0.0
34561;1963; 6;   0.0
34561;1963; 7;   0.0
34561;1963; 8;   0.0
34561;1963; 9;   0.0
34561;1963;10;   0.2
34561;1963;11;   0.0
34561;1963;12;   2.5
34561;1964; 1;   0.0
34561;1964; 2;   0.2
34561;1964; 3;   0.3
34561;1964; 4;   0.3
34561;1964; 5;   0.0
34561;1964; 6;   0.0
34561;1964; 7;   0.0
34561;1964; 8;   0.0
34561;1964; 9;   0.0
34561;1964;10;   0.4
34561;1964;11;  10.9
34561;1964;12;   0.3
34561;1965; 1;   0.2
34561;1965; 2;   0.0
34561;1965; 3;   1.3
34561;1965; 4;   0.0
34561;1965; 5;   0.0
34561;1965; 6;   0.0
34561;1965; 7;   0.0
34561;1965; 8;   0.0
34561;1965; 9;   0.0
34561;1965;10;   0.0
34561;1965;11;   6.1
34561;1965;12;   9.5
34561;1966; 1;   2.7
34561;1966; 2;   4.3
34561;1966; 3;   1.5
34561;1966; 4;   0.0
34561;1966; 5;   0.0
34561;1966; 6;   0.0
34561;1966; 7;   0.0
34561;1966; 8;   0.0
34561;1966; 9;   0.0
34561;1966;10;   0.3
34561;1966;11;   0.6
34561;1966;12;  11.2
34561;1967; 1;   7.0
34561;1967; 2;   0.2
34561;1967; 3;   1.0
34561;1967; 4;   0.0
34561;1967; 5;   0.0
34561;1967; 6;   0.0
34561;1967; 7;   0.0
34561;1967; 8;   0.0
34561;1967; 9;   0.0
34561;1967;10;   0.0
34561;1967;11;   7.1
34561;1967;12;  20.5
34561;1968; 1;   9.7
34561;1968; 2;   2.3
34561;1968; 3;   9.5
34561;1968; 4;   0.0
34561;1968; 5;   0.0
34561;1968; 6;   0.0
34561;1968; 7;   0.0
34561;1968; 8;   0.0
34561;1968; 9;   0.0
34561;1968;10;   0.0
34561;1968;11;  15.1
34561;1968;12;   1.7
34561;1969; 1;   0.0
34561;1969; 2;   0.0
34561;1969; 3;   8.6
34561;1969; 4;   1.1
34561;1969; 5;   0.9
34561;1969; 6;   0.0
34561;1969; 7;   0.0
34561;1969; 8;   0.0
34561;1969; 9;   0.0
34561;1969;10;   4.2
34561;1969;11;   4.2
34561;1969;12;   1.0
34561;1970; 1;   5.3
34561;1970; 2;   7.1
34561;1970; 3;   2.7
34561;1970; 4;   0.0
34561;1970; 5;   0.0
34561;1970; 6;   0.0
34561;1970; 7;   0.0
34561;1970; 8;   0.0
34561;1970; 9;   0.0
34561;1970;10;   0.0
34561;1970;11;  14.5
34561;1970;12;   2.2
34561;1971; 1;   5.4
34561;1971; 2;   0.6
34561;1971; 3;   0.2
34561;1971; 4;   0.0
34561;1971; 5;   0.0
34561;1971; 6;   0.0
34561;1971; 7;   0.0
34561;1971; 8;   0.0
34561;1971; 9;   0.0
34561;1971;10;   1.4
34561;1971;11;   0.9
34561;1971;12;   1.6
34561;1972; 1;   0.0
34561;1972; 2;   0.0
34561;1972; 3;   0.6
34561;1972; 4;   0.3
34561;1972; 5;   0.0
34561;1972; 6;   0.0
34561;1972; 7;   0.0
34561;1972; 8;   0.0
34561;1972; 9;   0.0
34561;1972;10;   0.0
34561;1972;11;   3.3
34561;1972;12;   2.4
34561;1973; 1;   0.0
34561;1973; 2;   1.7
34561;1973; 3;   6.2
34561;1973; 4;   0.0
34561;1973; 5;   0.0
34561;1973; 6;   0.0
34561;1973; 7;   0.0
34561;1973; 8;   0.0
34561;1973; 9;   0.0
34561;1973;10;   1.6
34561;1973;11;   4.2
34561;1973;12;   4.0
34561;1974; 1;   0.5
34561;1974; 2;   0.5
34561;1974; 3;   2.4
34561;1974; 4;   0.0
34561;1974; 5;   0.0
34561;1974; 6;   0.0
34561;1974; 7;   0.0
34561;1974; 8;   0.0
34561;1974; 9;   0.0
34561;1974;10;   0.0
34561;1974;11;   0.6
34561;1974;12;   3.2
34561;1975; 1;   5.0
34561;1975; 2;   0.4
34561;1975; 3;   3.3
34561;1975; 4;   0.0
34561;1975; 5;   0.0
34561;1975; 6;   0.0
34561;1975; 7;   0.0
34561;1975; 8;   0.0
34561;1975; 9;   0.0
34561;1975;10;   0.0
34561;1975;11;   1.3
34561;1975;12;   0.0
34561;1976; 1;   8.9
34561;1976; 2;   0.2
34561;1976; 3;   0.0
34561;1976; 4;   0.0
34561;1976; 5;   0.0
34561;1976; 6;   0.0
34561;1976; 7;   0.0
34561;1976; 8;   0.0
34561;1976; 9;   0.0
34561;1976;10;   0.0
34561;1976;11;   2.6
34561;1976;12;   0.0
34561;1977; 1;   0.0
34561;1977; 2;  34.1
34561;1977; 3;   1.2
34561;1977; 4;   0.0
34561;1977; 5;   0.0
34561;1977; 6;   0.0
34561;1977; 7;   0.0
34561;1977; 8;   0.0
34561;1977; 9;   0.0
34561;1977;10;   0.1
34561;1977;11;  26.4
34561;1977;12;   1.3
34561;1978; 1;   0.1
34561;1978; 2;   2.9
34561;1978; 3;   0.0
34561;1978; 4;   2.3
34561;1978; 5;   0.0
34561;1978; 6;   0.0
34561;1978; 7;   0.0
34561;1978; 8;   0.0
34561;1978; 9;   0.0
34561;1978;10;   0.0
34561;1978;11;   2.5
34561;1978;12;  22.9
34561;1979; 1;   2.4
34561;1979; 2;  31.4
34561;1979; 3;   0.0
34561;1979; 4;  16.2
34561;1979; 5;   0.0
34561;1979; 6;   0.0
34561;1979; 7;   0.0
34561;1979; 8;   0.0
34561;1979; 9;   0.0
34561;1979;10;   6.2
34561;1979;11;  15.0
34561;1979;12;   7.0
34561;1980; 1;   0.2
34561;1980; 2;   0.0
34561;1980; 3;   0.0
34561;1980; 4;   0.0
34561;1980; 5;   0.0
34561;1980; 6;   0.0
34561;1980; 7;   0.0
34561;1980; 8;   0.0
34561;1980; 9;   0.0
34561;1980;10;   0.0
34561;1980;11;   5.0
34561;1980;12;   2.1
34561;1981; 1;   0.1
34561;1981; 2;   1.2
34561;1981; 3;  22.3
34561;1981; 4;   0.8
34561;1981; 5;   0.0
34561;1981; 6;   0.0
34561;1981; 7;   0.0
34561;1981; 8;   0.0
34561;1981; 9;   0.0
34561;1981;10;   0.0
34561;1981;11;   2.5
34561;1981;12;   2.5
34561;1982; 1;   1.4
34561;1982; 2;   0.0
34561;1982; 3;   0.5
34561;1982; 4;   0.0
34561;1982; 5;   0.0
34561;1982; 6;   0.0
34561;1982; 7;   0.0
34561;1982; 8;   0.0
34561;1982; 9;   0.0
34561;1982;10;   0.3
34561;1982;11;   0.0
34561;1982;12;   8.3
34561;1983; 1;   7.6
34561;1983; 2;   2.6
34561;1983; 3;  18.6
34561;1983; 4;   0.0
34561;1983; 5;   0.0
34561;1983; 6;   0.0
34561;1983; 7;   0.0
34561;1983; 8;   0.0
34561;1983; 9;   0.0
34561;1983;10;   0.0
34561;1983;11;   3.1
34561;1983;12;   6.7
34561;1984; 1;   9.1
34561;1984; 2;   0.0
34561;1984; 3;   1.3
34561;1984; 4;   0.0
34561;1984; 5;   0.0
34561;1984; 6;   0.0
34561;1984; 7;   0.0
34561;1984; 8;   0.0
34561;1984; 9;   0.0
34561;1984;10;   0.0
34561;1984;11;   1.5
34561;1984;12;   0.6
34561;1985; 1;   1.7
34561;1985; 2;   9.0
34561;1985; 3;   1.4
34561;1985; 4;   0.0
34561;1985; 5;   0.0
34561;1985; 6;   0.0
34561;1985; 7;   0.0
34561;1985; 8;   0.0
34561;1985; 9;   0.0
34561;1985;10;   0.0
34561;1985;11;   0.0
34561;1985;12;   6.8
34561;1986; 1;  10.9
34561;1986; 2;   0.0
34561;1986; 3;   0.0
34561;1986; 4;   0.0
34561;1986; 5;   0.3
34561;1986; 6;   0.0
34561;1986; 7;   0.0
34561;1986; 8;   0.0
34561;1986; 9;   0.0
34561;1986;10;   0.0
34561;1986;11;   0.4
34561;1986;12;   5.9
34561;1987; 1;  40.3
34561;1987; 2;   0.9
34561;1987; 3;   0.0
34561;1987; 4;   2.2
34561;1987; 5;   0.0
34561;1987; 6;   0.0
34561;1987; 7;   0.0
34561;1987; 8;   0.0
34561;1987; 9;   0.0
34561;1987;10;   0.0
34561;1987;11;  20.7
34561;1987;12;  14.3
34561;1988; 1;   3.5
34561;1988; 2;   0.9
34561;1988; 3;   5.5
34561;1988; 4;   0.2
34561;1988; 5;   0.0
34561;1988; 6;   0.0
34561;1988; 7;   0.0
34561;1988; 8;   0.0
34561;1988; 9;   0.0
34561;1988;10;   0.0
34561;1988;11;  34.5
34561;1988;12;   1.6
34561;1989; 1;  18.5
34561;1989; 2;  15.0
34561;1989; 3;   3.3
34561;1989; 4;   0.0
34561;1989; 5;   0.0
34561;1989; 6;   0.0
34561;1989; 7;   0.0
34561;1989; 8;   0.0
34561;1989; 9;   0.0
34561;1989;10;   0.0
34561;1989;11;   4.0
34561;1989;12;   2.8
34561;1990; 1;  13.6
34561;1990; 2;   3.9
34561;1990; 3;   1.3
34561;1990; 4;   0.9
34561;1990; 5;   0.0
34561;1990; 6;   0.0
34561;1990; 7;   0.0
34561;1990; 8;   0.0
34561;1990; 9;   0.0
34561;1990;10;   2.0
34561;1990;11;   0.2
34561;1990;12;   1.5
34561;1991; 1;  13.1
34561;1991; 2;  12.7
34561;1991; 3;   2.2
34561;1991; 4;   0.0
34561;1991; 5;   0.0
34561;1991; 6;   0.0
34561;1991; 7;   0.0
34561;1991; 8;   0.0
34561;1991; 9;   0.0
34561;1991;10;   0.0
34561;1991;11;   0.0
34561;1991;12;  13.9
34561;1992; 1;   6.1
34561;1992; 2;   0.8
34561;1992; 3;   0.0
34561;1992; 4;   0.0
34561;1992; 5;   0.0
34561;1992; 6;   0.0
34561;1992; 7;   0.0
34561;1992; 8;   0.0
34561;1992; 9;   0.0
34561;1992;10;   0.0
34561;1992;11;   2.5
34561;1992;12;   2.0
34561;1993; 1;   6.6
34561;1993; 2;   4.1
34561;1993; 3;   0.0
34561;1993; 4;   0.5
34561;1993; 5;   0.0
34561;1993; 6;   0.0
34561;1993; 7;   0.0
34561;1993; 8;   0.0
34561;1993; 9;   0.0
34561;1993;10;   4.6
34561;1993;11;   0.0
34561;1993;12;  14.5
34561;1994; 1;  10.0
34561;1994; 2;   0.5
34561;1994; 3;   4.8
34561;1994; 4;   0.1
34561;1994; 5;   0.0
34561;1994; 6;   0.0
34561;1994; 7;   0.0
34561;1994; 8;   0.0
34561;1994; 9;   0.0
34561;1994;10;   0.0
34561;1994;11;   9.2
34561;1994;12;   5.4
34561;1995; 1;  13.4
34561;1995; 2;   1.3
34561;1995; 3;   0.0
34561;1995; 4;   0.0
34561;1995; 5;   0.0
34561;1995; 6;   0.0
34561;1995; 7;   0.0
34561;1995; 8;   0.0
34561;1995; 9;   0.0
34561;1995;10;   0.0
34561;1995;11;   2.3
34561;1995;12;   2.1
34561;1996; 1;   0.0
34561;1996; 2;   5.3
34561;1996; 3;   0.0
34561;1996; 4;   0.0
34561;1996; 5;   0.0
34561;1996; 6;   0.0
34561;1996; 7;   0.0
34561;1996; 8;   0.0
34561;1996; 9;   0.0
34561;1996;10;   0.0
34561;1996;11;   0.0
34561;1996;12;   0.0
34561;1997; 1;   0.2
34561;1997; 2;  13.0
34561;1997; 3;   1.1
34561;1997; 4;   0.0
34561;1997; 5;   0.0
34561;1997; 6;   0.0
34561;1997; 7;   0.0
34561;1997; 8;   0.0
34561;1997; 9;   0.0
34561;1997;10;   0.0
34561;1997;11;   0.7
34561;1997;12;   5.8
34561;1998; 1;   0.0
34561;1998; 2;  16.6
34561;1998; 3;   0.5
34561;1998; 4;   0.0
34561;1998; 5;   0.0
34561;1998; 6;   0.0
34561;1998; 7;   0.0
34561;1998; 8;   0.0
34561;1998; 9;   0.0
34561;1998;10;   0.0
34561;1998;11;   7.0
34561;1998;12;  25.4
34561;1999; 1;  20.9
34561;1999; 2;  10.5
34561;1999; 3;   0.6
34561;1999; 4;   0.0
34561;1999; 5;   0.0
34561;1999; 6;   0.0
34561;1999; 7;   0.0
34561;1999; 8;   0.0
34561;1999; 9;   0.0
34561;1999;10;   0.9
34561;1999;11;  14.0
34561;1999;12;  10.4
34561;2000; 1;   2.7
34561;2000; 2;   8.9
34561;2000; 3;   5.9
34561;2000; 4;   0.0
34561;2000; 5;   0.0
34561;2000; 6;   0.0
34561;2000; 7;   0.0
34561;2000; 8;   0.0
34561;2000; 9;   0.0
34561;2000;10;   0.0
34561;2000;11;  17.6
34561;2000;12;   0.0
34561;2001; 1;   3.7
34561;2001; 2;   1.9
34561;2001; 3;   2.0
34561;2001; 4;   0.0
34561;2001; 5;   0.0
34561;2001; 6;   0.0
34561;2001; 7;   0.0
34561;2001; 8;   0.0
34561;2001; 9;   0.0
34561;2001;10;   0.0
34561;2001;11;   8.2
34561;2001;12;  21.0
34561;2002; 1;   0.0
34561;2002; 2;   0.7
34561;2002; 3;   1.5
34561;2002; 4;   8.2
34561;2002; 5;   0.0
34561;2002; 6;   0.0
34561;2002; 7;   0.0
34561;2002; 8;   0.0
34561;2002; 9;   0.0
34561;2002;10;   0.0
34561;2002;11;   0.0
34561;2002;12;  23.4
34561;2003; 1;  27.9
34561;2003; 2;  13.1
34561;2003; 3;   0.2
34561;2003; 4;   3.9
34561;2003; 5;   0.0
34561;2003; 6;   0.0
34561;2003; 7;   0.0
34561;2003; 8;   0.0
34561;2003; 9;   0.0
34561;2003;10;   0.0
34561;2003;11;   7.2
34561;2003;12;  10.9
34561;2004; 1;  11.7
34561;2004; 2;   7.3
34561;2004; 3;   0.0
34561;2004; 4;   3.1
34561;2004; 5;   0.0
34561;2004; 6;   0.0
34561;2004; 7;   0.0
34561;2004; 8;   0.0
34561;2004; 9;   0.0
34561;2004;10;   0.0
34561;2004;11;   0.0
34561;2004;12;  14.5
34561;2005; 1;   1.2
34561;2005; 2;   4.9
34561;2005; 3;  11.0
34561;2005; 4;   0.0
34561;2005; 5;   0.0
34561;2005; 6;   0.0
34561;2005; 7;   0.0
34561;2005; 8;   0.0
34561;2005; 9;   0.0
34561;2005;10;   0.0
34561;2005;11;   0.0
34561;2005;12;   8.8
34561;2006; 1;   0.0
34561;2006; 2;   7.0
34561;2006; 3;  13.2
34561;2006; 4;   0.0
34561;2006; 5;   0.0
34561;2006; 6;   0.0
34561;2006; 7;   0.0
34561;2006; 8;   0.0
34561;2006; 9;   0.0
34561;2006;10;   0.0
34561;2006;11;   0.6
34561;2006;12;   6.1
34561;2007; 1;   0.4
34561;2007; 2;   8.9
34561;2007; 3;   0.2
34561;2007; 4;   0.0
34561;2007; 5;   0.0
34561;2007; 6;   0.0
34561;2007; 7;   0.0
34561;2007; 8;   0.0
34561;2007; 9;   0.0
34561;2007;10;   0.0
34561;2007;11;   5.7
34561;2007;12;  11.2
34561;2008; 1;   3.1
34561;2008; 2;   0.0
34561;2008; 3;   1.9
34561;2008; 4;   0.0
34561;2008; 5;   0.0
34561;2008; 6;   0.0
34561;2008; 7;   0.0
34561;2008; 8;   0.0
34561;2008; 9;   0.0
34561;2008;10;   0.0
34561;2008;11;   0.0
34561;2008;12;   0.0
34561;2009; 1;   0.8
34561;2009; 2;   3.4
34561;2009; 3;   5.4
34561;2009; 4;   0.3
34561;2009; 5;   0.0
34561;2009; 6;   0.0
34561;2009; 7;   0.0
34561;2009; 8;   0.0
34561;2009; 9;   0.0
34561;2009;10;   0.0
34561;2009;11;   0.0
34561;2009;12;  18.5
34561;2010; 1;   5.5
34561;2010; 2;   3.1
34561;2010; 3;  22.6
34561;2010; 4;   0.0
34561;2010; 5;   0.0
34561;2010; 6;   0.0
34561;2010; 7;   0.0
34561;2010; 8;   0.0
34561;2010; 9;   0.0
34561;2010;10;   0.0
34561;2010;11;   0.0
34561;2010;12;   7.2
34561;2011; 1;   0.3
34561;2011; 2;   0.2
34561;2011; 3;  10.5
34561;2011; 4;   0.0
34561;2011; 5;   0.0
34561;2011; 6;   0.0
34561;2011; 7;   0.0
34561;2011; 8;   0.0
34561;2011; 9;   0.0
34561;2011;10;   0.0
34561;2011;11;  10.5
34561;2011;12;   2.4
34561;2012; 1;  18.7
34561;2012; 2;   9.1
34561;2012; 3;   3.4
34561;2012; 4;   0.0
34561;2012; 5;   0.0
34561;2012; 6;   0.0
34561;2012; 7;   0.0
34561;2012; 8;   0.0
34561;2012; 9;   0.0
34561;2012;10;   0.0
34561;2012;11;   0.3
34561;2012;12;   0.5
34561;2013; 1;   9.5
34561;2013; 2;   2.4
34561;2013; 3;   0.4
34561;2013; 4;   0.0
34561;2013; 5;   0.0
34561;2013; 6;   0.0
34561;2013; 7;   0.0
34561;2013; 8;   0.0
34561;2013; 9;   0.0
34561;2013;10;   0.0
34561;2013;11;   0.0
34561;2013;12;   0.4
34561;2014; 1;   0.6
34561;2014; 2;   0.4
34561;2014; 3;  15.9
34561;2014; 4;  13.4
34561;2014; 5;   0.0
34561;2014; 6;   0.0
34561;2014; 7;   0.0
34561;2014; 8;   0.0
34561;2014; 9;   0.0
34561;2014;10;   0.0
34561;2014;11;   8.0
34561;2014;12;   5.1
34561;2015; 1;  11.9
34561;2015; 2;   1.8
34561;2015; 3;   4.2
34561;2015; 4;   0.4
34561;2015; 5;   0.0
34561;2015; 6;   0.0
34561;2015; 7;   0.0
34561;2015; 8;   0.0
34561;2015; 9;   0.0
34561;2015;10;   0.0
34561;2015;11;   2.9
34561;2015;12;  11.7
