34880;1936; 1;   3.8
34880;1936; 2;   2.1
34880;1936; 3;   2.2
34880;1936; 4;   0.3
34880;1936; 5;   6.4
34880;1936; 6;  14.2
34880;1936; 7;   5.7
34880;1936; 8;   9.1
34880;1936; 9;   5.4
34880;1936;10;   4.1
34880;1936;11;   2.1
34880;1936;12;   3.8
34880;1937; 1;   2.3
34880;1937; 2;   4.1
34880;1937; 3;   1.2
34880;1937; 4;   0.7
34880;1937; 5;   1.9
34880;1937; 6;   5.8
34880;1937; 7;  14.9
34880;1937; 8;   6.2
34880;1937; 9;   4.7
34880;1937;10;   6.0
34880;1937;11;   0.6
34880;1937;12;   4.1
34880;1938; 1;   3.8
34880;1938; 2;   2.6
34880;1938; 3;9999.9
34880;1938; 4;   7.5
34880;1938; 5;  32.9
34880;1938; 6;   1.8
34880;1938; 7;   0.0
34880;1938; 8;   2.7
34880;1938; 9;   1.2
34880;1938;10;   6.6
34880;1938;11;   6.2
34880;1938;12;   4.1
34880;1939; 1;   5.7
34880;1939; 2;   6.1
34880;1939; 3;   2.9
34880;1939; 4;   4.4
34880;1939; 5;   2.7
34880;1939; 6;  17.7
34880;1939; 7;   2.0
34880;1939; 8;   2.8
34880;1939; 9;   5.0
34880;1939;10;   2.6
34880;1939;11;   1.8
34880;1939;12;  14.0
34880;1940; 1;   5.3
34880;1940; 2;  16.1
34880;1940; 3;   6.7
34880;1940; 4;   1.5
34880;1940; 5;  12.2
34880;1940; 6;  16.7
34880;1940; 7;   2.7
34880;1940; 8;   4.4
34880;1940; 9;   1.9
34880;1940;10;  17.3
34880;1940;11;   2.4
34880;1940;12;   3.8
34880;1941; 1;   3.8
34880;1941; 2;   3.1
34880;1941; 3;  13.4
34880;1941; 4;   1.2
34880;1941; 5;  38.0
34880;1941; 6;   3.8
34880;1941; 7;   8.8
34880;1941; 8;  14.9
34880;1941; 9;   5.1
34880;1941;10;   5.9
34880;1941;11;   9.2
34880;1941;12;   5.7
34880;1942; 1;  10.3
34880;1942; 2;   0.2
34880;1942; 3;   3.1
34880;1942; 4;   3.4
34880;1942; 5;   5.1
34880;1942; 6;  23.7
34880;1942; 7;   1.4
34880;1942; 8;   5.6
34880;1942; 9;   1.4
34880;1942;10;   9.2
34880;1942;11;  13.5
34880;1942;12;   5.0
34880;1943; 1;   7.5
34880;1943; 2;   4.0
34880;1943; 3;   3.0
34880;1943; 4;   1.1
34880;1943; 5;   3.6
34880;1943; 6;  16.8
34880;1943; 7;  10.3
34880;1943; 8;   5.0
34880;1943; 9;   2.1
34880;1943;10;   2.5
34880;1943;11;   6.9
34880;1943;12;   5.0
34880;1944; 1;   6.3
34880;1944; 2;  21.7
34880;1944; 3;   4.9
34880;1944; 4;   2.5
34880;1944; 5;   6.3
34880;1944; 6;  13.2
34880;1944; 7;   6.6
34880;1944; 8;   2.9
34880;1944; 9;   0.8
34880;1944;10;   4.2
34880;1944;11;   3.5
34880;1944;12;   0.9
34880;1945; 1;   0.2
34880;1945; 2;   0.1
34880;1945; 3;   3.6
34880;1945; 4;   5.8
34880;1945; 5;   7.4
34880;1945; 6;   8.9
34880;1945; 7;   4.5
34880;1945; 8;  10.7
34880;1945; 9;  18.6
34880;1945;10;  18.6
34880;1945;11;   2.9
34880;1945;12;  10.8
34880;1946; 1;   6.0
34880;1946; 2;   4.6
34880;1946; 3;  21.2
34880;1946; 4;   1.8
34880;1946; 5;   8.8
34880;1946; 6;   0.3
34880;1946; 7;  48.1
34880;1946; 8;   2.7
34880;1946; 9;9999.9
34880;1946;10;  12.2
34880;1946;11;   7.5
34880;1946;12;   2.1
34880;1947; 1;   3.8
34880;1947; 2;   2.4
34880;1947; 3;   3.4
34880;1947; 4;   6.3
34880;1947; 5;   2.4
34880;1947; 6;   4.0
34880;1947; 7;   9.4
34880;1947; 8;  54.7
34880;1947; 9;   5.2
34880;1947;10;  30.4
34880;1947;11;   7.6
34880;1947;12;   3.0
34880;1948; 1;   4.0
34880;1948; 2;   2.9
34880;1948; 3;   4.5
34880;1948; 4;   8.0
34880;1948; 5;   0.7
34880;1948; 6;  21.0
34880;1948; 7;   5.3
34880;1948; 8;   4.2
34880;1948; 9;  13.7
34880;1948;10;   6.8
34880;1948;11;   6.4
34880;1948;12;   3.9
34880;1949; 1;   3.7
34880;1949; 2;   3.2
34880;1949; 3;   3.4
34880;1949; 4;  10.7
34880;1949; 5;   9.7
34880;1949; 6;   6.8
34880;1949; 7;   5.5
34880;1949; 8;   4.8
34880;1949; 9;   5.4
34880;1949;10;   4.6
34880;1949;11;   1.9
34880;1949;12;   3.0
34880;1950; 1;   5.8
34880;1950; 2;   2.9
34880;1950; 3;  14.6
34880;1950; 4;   1.8
34880;1950; 5;   8.2
34880;1950; 6;  30.1
34880;1950; 7;   2.9
34880;1950; 8;   3.9
34880;1950; 9;   3.6
34880;1950;10;   4.5
34880;1950;11;   9.6
34880;1950;12;   5.0
34880;1951; 1;   4.9
34880;1951; 2;   1.5
34880;1951; 3;   1.8
34880;1951; 4;   0.9
34880;1951; 5;  12.4
34880;1951; 6;   2.0
34880;1951; 7;   1.7
34880;1951; 8;   4.0
34880;1951; 9;   6.9
34880;1951;10;   4.4
34880;1951;11;   4.6
34880;1951;12;  12.0
34880;1952; 1;  13.3
34880;1952; 2;   3.2
34880;1952; 3;   4.1
34880;1952; 4;   1.8
34880;1952; 5;  13.2
34880;1952; 6;  12.5
34880;1952; 7;  22.7
34880;1952; 8;  11.2
34880;1952; 9;   2.0
34880;1952;10;   9.9
34880;1952;11;   0.9
34880;1952;12;  13.3
34880;1953; 1;   1.3
34880;1953; 2;  10.5
34880;1953; 3;   9.6
34880;1953; 4;  13.9
34880;1953; 5;   3.8
34880;1953; 6;   6.2
34880;1953; 7;   3.5
34880;1953; 8;   2.7
34880;1953; 9;  14.7
34880;1953;10;   6.1
34880;1953;11;   2.6
34880;1953;12;   7.1
34880;1954; 1;   2.4
34880;1954; 2;   1.4
34880;1954; 3;   1.2
34880;1954; 4;   5.2
34880;1954; 5;  10.4
34880;1954; 6;  17.9
34880;1954; 7;  46.8
34880;1954; 8;  10.2
34880;1954; 9;   0.3
34880;1954;10;   7.7
34880;1954;11;   1.3
34880;1954;12;   2.3
34880;1955; 1;   0.0
34880;1955; 2;   3.2
34880;1955; 3;   0.0
34880;1955; 4;   0.0
34880;1955; 5;   0.0
34880;1955; 6;   0.0
34880;1955; 7;   0.0
34880;1955; 8;   0.0
34880;1955; 9;   0.0
34880;1955;10;   0.0
34880;1955;11;   1.2
34880;1955;12;  20.2
34880;1956; 1;   4.9
34880;1956; 2;   0.0
34880;1956; 3;   0.3
34880;1956; 4;   0.0
34880;1956; 5;   0.0
34880;1956; 6;   0.0
34880;1956; 7;   0.0
34880;1956; 8;   0.0
34880;1956; 9;   0.0
34880;1956;10;   0.0
34880;1956;11;   2.1
34880;1956;12;   0.3
34880;1957; 1;   1.5
34880;1957; 2;   0.1
34880;1957; 3;   6.2
34880;1957; 4;9999.9
34880;1957; 5;   0.0
34880;1957; 6;   0.0
34880;1957; 7;   0.0
34880;1957; 8;   0.0
34880;1957; 9;   0.0
34880;1957;10;   0.0
34880;1957;11;   1.4
34880;1957;12;   2.0
34880;1958; 1;   1.3
34880;1958; 2;   0.8
34880;1958; 3;   0.4
34880;1958; 4;   0.0
34880;1958; 5;   0.0
34880;1958; 6;   0.0
34880;1958; 7;   0.0
34880;1958; 8;   0.0
34880;1958; 9;   0.0
34880;1958;10;   0.0
34880;1958;11;   0.0
34880;1958;12;   0.7
34880;1959; 1;   2.0
34880;1959; 2;   0.2
34880;1959; 3;   1.4
34880;1959; 4;   0.0
34880;1959; 5;   0.0
34880;1959; 6;   0.0
34880;1959; 7;   0.0
34880;1959; 8;   0.0
34880;1959; 9;   0.0
34880;1959;10;   0.8
34880;1959;11;   0.4
34880;1959;12;   0.0
34880;1960; 1;   1.7
34880;1960; 2;   2.2
34880;1960; 3;   0.0
34880;1960; 4;   0.0
34880;1960; 5;   0.0
34880;1960; 6;   0.0
34880;1960; 7;   0.0
34880;1960; 8;   0.0
34880;1960; 9;   0.0
34880;1960;10;   0.0
34880;1960;11;   0.9
34880;1960;12;   0.0
34880;1961; 1;   0.0
34880;1961; 2;   0.8
34880;1961; 3;   0.1
34880;1961; 4;   0.2
34880;1961; 5;   0.0
34880;1961; 6;   0.0
34880;1961; 7;   0.0
34880;1961; 8;   0.0
34880;1961; 9;   0.0
34880;1961;10;   0.0
34880;1961;11;   0.2
34880;1961;12;   2.1
34880;1962; 1;   3.9
34880;1962; 2;   0.0
34880;1962; 3;   0.7
34880;1962; 4;9999.9
34880;1962; 5;   0.0
34880;1962; 6;   0.0
34880;1962; 7;   0.0
34880;1962; 8;   0.0
34880;1962; 9;   0.0
34880;1962;10;   0.0
34880;1962;11;   0.0
34880;1962;12;   0.2
34880;1963; 1;   2.9
34880;1963; 2;   1.6
34880;1963; 3;   3.0
34880;1963; 4;   0.0
34880;1963; 5;   0.0
34880;1963; 6;   0.0
34880;1963; 7;   0.0
34880;1963; 8;   0.0
34880;1963; 9;   0.0
34880;1963;10;   0.0
34880;1963;11;   0.0
34880;1963;12;   1.3
34880;1964; 1;   0.0
34880;1964; 2;   0.3
34880;1964; 3;   0.9
34880;1964; 4;   0.0
34880;1964; 5;   0.0
34880;1964; 6;   0.0
34880;1964; 7;   0.0
34880;1964; 8;   0.0
34880;1964; 9;   0.0
34880;1964;10;   0.0
34880;1964;11;   1.9
34880;1964;12;   1.3
34880;1965; 1;   5.7
34880;1965; 2;   0.0
34880;1965; 3;   0.0
34880;1965; 4;   6.4
34880;1965; 5;   0.0
34880;1965; 6;   0.0
34880;1965; 7;   0.0
34880;1965; 8;   0.0
34880;1965; 9;   0.0
34880;1965;10;   0.6
34880;1965;11;   3.9
34880;1965;12;   0.4
34880;1966; 1;   1.8
34880;1966; 2;   2.3
34880;1966; 3;   0.2
34880;1966; 4;   0.0
34880;1966; 5;   0.0
34880;1966; 6;   0.0
34880;1966; 7;   0.0
34880;1966; 8;   0.0
34880;1966; 9;   0.0
34880;1966;10;   0.0
34880;1966;11;   0.4
34880;1966;12;   0.8
34880;1967; 1;   0.4
34880;1967; 2;   0.0
34880;1967; 3;   3.9
34880;1967; 4;   0.0
34880;1967; 5;   0.0
34880;1967; 6;   0.0
34880;1967; 7;   0.0
34880;1967; 8;   0.0
34880;1967; 9;   0.0
34880;1967;10;   0.0
34880;1967;11;   0.0
34880;1967;12;   2.9
34880;1968; 1;   1.2
34880;1968; 2;   1.5
34880;1968; 3;   0.5
34880;1968; 4;   0.0
34880;1968; 5;   0.0
34880;1968; 6;   0.0
34880;1968; 7;   0.0
34880;1968; 8;   0.0
34880;1968; 9;   0.0
34880;1968;10;   0.0
34880;1968;11;  11.4
34880;1968;12;   0.0
34880;1969; 1;   0.0
34880;1969; 2;   0.0
34880;1969; 3;   0.3
34880;1969; 4;   0.0
34880;1969; 5;   0.0
34880;1969; 6;   0.0
34880;1969; 7;   0.0
34880;1969; 8;   0.0
34880;1969; 9;   0.0
34880;1969;10;   1.5
34880;1969;11;   0.5
34880;1969;12;   0.2
34880;1970; 1;   0.8
34880;1970; 2;   0.0
34880;1970; 3;   0.0
34880;1970; 4;   0.0
34880;1970; 5;   0.0
34880;1970; 6;   0.0
34880;1970; 7;   0.0
34880;1970; 8;   0.0
34880;1970; 9;   0.0
34880;1970;10;   0.0
34880;1970;11;   0.1
34880;1970;12;   7.9
34880;1971; 1;   0.3
34880;1971; 2;   0.0
34880;1971; 3;   2.0
34880;1971; 4;   7.6
34880;1971; 5;   0.0
34880;1971; 6;   0.0
34880;1971; 7;   0.0
34880;1971; 8;   0.0
34880;1971; 9;   0.0
34880;1971;10;   0.0
34880;1971;11;   0.0
34880;1971;12;   3.0
34880;1972; 1;   1.3
34880;1972; 2;   0.0
34880;1972; 3;   1.9
34880;1972; 4;   0.0
34880;1972; 5;   0.0
34880;1972; 6;   0.0
34880;1972; 7;   0.0
34880;1972; 8;   0.0
34880;1972; 9;   0.0
34880;1972;10;   0.0
34880;1972;11;   0.0
34880;1972;12;   2.1
34880;1973; 1;   1.5
34880;1973; 2;   3.7
34880;1973; 3;   0.0
34880;1973; 4;   0.0
34880;1973; 5;   0.0
34880;1973; 6;   0.0
34880;1973; 7;   0.0
34880;1973; 8;   0.0
34880;1973; 9;   0.0
34880;1973;10;   0.1
34880;1973;11;   1.1
34880;1973;12;   3.7
34880;1974; 1;   1.0
34880;1974; 2;   0.2
34880;1974; 3;   0.0
34880;1974; 4;   0.0
34880;1974; 5;   0.0
34880;1974; 6;   0.0
34880;1974; 7;   0.0
34880;1974; 8;   0.0
34880;1974; 9;   0.0
34880;1974;10;9999.9
34880;1974;11;   0.0
34880;1974;12;   1.8
34880;1975; 1;   5.9
34880;1975; 2;   0.0
34880;1975; 3;  24.4
34880;1975; 4;   0.0
34880;1975; 5;   0.0
34880;1975; 6;   0.0
34880;1975; 7;   0.0
34880;1975; 8;   0.0
34880;1975; 9;   0.0
34880;1975;10;   0.0
34880;1975;11;   0.0
34880;1975;12;   0.0
34880;1976; 1;   0.4
34880;1976; 2;   0.4
34880;1976; 3;  17.4
34880;1976; 4;   4.4
34880;1976; 5;   0.0
34880;1976; 6;   0.0
34880;1976; 7;   0.0
34880;1976; 8;   0.0
34880;1976; 9;   0.0
34880;1976;10;   0.0
34880;1976;11;   0.1
34880;1976;12;   0.0
34880;1977; 1;   0.0
34880;1977; 2;   0.0
34880;1977; 3;   0.0
34880;1977; 4;   0.0
34880;1977; 5;   0.0
34880;1977; 6;   0.0
34880;1977; 7;   0.0
34880;1977; 8;   0.0
34880;1977; 9;   0.0
34880;1977;10;   0.0
34880;1977;11;   0.0
34880;1977;12;   2.7
34880;1978; 1;   8.1
34880;1978; 2;   0.0
34880;1978; 3;   0.0
34880;1978; 4;   0.0
34880;1978; 5;   0.0
34880;1978; 6;   0.0
34880;1978; 7;   0.0
34880;1978; 8;   0.0
34880;1978; 9;   0.0
34880;1978;10;   0.0
34880;1978;11;   1.8
34880;1978;12;   1.5
34880;1979; 1;   0.5
34880;1979; 2;   1.3
34880;1979; 3;   0.0
34880;1979; 4;   0.2
34880;1979; 5;   0.0
34880;1979; 6;   0.0
34880;1979; 7;   0.0
34880;1979; 8;   0.0
34880;1979; 9;   0.0
34880;1979;10;   6.5
34880;1979;11;   0.0
34880;1979;12;   0.2
34880;1980; 1;   0.2
34880;1980; 2;   0.0
34880;1980; 3;   4.0
34880;1980; 4;   0.0
34880;1980; 5;   0.0
34880;1980; 6;   0.0
34880;1980; 7;   0.0
34880;1980; 8;   0.0
34880;1980; 9;   0.0
34880;1980;10;   0.0
34880;1980;11;   4.7
34880;1980;12;   1.0
34880;1981; 1;   0.0
34880;1981; 2;   0.0
34880;1981; 3;   0.0
34880;1981; 4;   0.0
34880;1981; 5;   0.0
34880;1981; 6;   0.0
34880;1981; 7;   0.0
34880;1981; 8;   0.0
34880;1981; 9;   0.0
34880;1981;10;   0.0
34880;1981;11;   0.0
34880;1981;12;   0.0
34880;1982; 1;   2.8
34880;1982; 2;   0.0
34880;1982; 3;   0.0
34880;1982; 4;   0.0
34880;1982; 5;   0.0
34880;1982; 6;   0.0
34880;1982; 7;   0.0
34880;1982; 8;   0.0
34880;1982; 9;   0.0
34880;1982;10;   0.0
34880;1982;11;   1.6
34880;1982;12;   0.3
34880;1983; 1;   6.2
34880;1983; 2;   5.4
34880;1983; 3;   0.0
34880;1983; 4;   0.0
34880;1983; 5;   0.0
34880;1983; 6;   0.0
34880;1983; 7;   0.0
34880;1983; 8;   0.0
34880;1983; 9;   0.0
34880;1983;10;   0.0
34880;1983;11;   0.0
34880;1983;12;   4.4
34880;1984; 1;   3.8
34880;1984; 2;   0.0
34880;1984; 3;   0.0
34880;1984; 4;   0.0
34880;1984; 5;   0.0
34880;1984; 6;   0.0
34880;1984; 7;   0.0
34880;1984; 8;   0.0
34880;1984; 9;   0.0
34880;1984;10;   0.0
34880;1984;11;   0.0
34880;1984;12;   0.0
34880;1985; 1;   0.0
34880;1985; 2;   6.4
34880;1985; 3;   8.7
34880;1985; 4;   0.0
34880;1985; 5;   0.0
34880;1985; 6;   0.0
34880;1985; 7;   0.0
34880;1985; 8;   0.0
34880;1985; 9;   0.0
34880;1985;10;   0.0
34880;1985;11;   0.0
34880;1985;12;   0.7
34880;1986; 1;   7.2
34880;1986; 2;   0.0
34880;1986; 3;   0.0
34880;1986; 4;   0.0
34880;1986; 5;   0.0
34880;1986; 6;   0.0
34880;1986; 7;   0.0
34880;1986; 8;   0.0
34880;1986; 9;   0.0
34880;1986;10;   0.0
34880;1986;11;   1.0
34880;1986;12;   7.4
34880;1987; 1;   0.9
34880;1987; 2;   0.0
34880;1987; 3;  10.9
34880;1987; 4;   1.1
34880;1987; 5;   0.0
34880;1987; 6;   0.0
34880;1987; 7;   0.0
34880;1987; 8;   0.0
34880;1987; 9;   0.0
34880;1987;10;   0.0
34880;1987;11;  17.3
34880;1987;12;   5.7
34880;1988; 1;   0.0
34880;1988; 2;   0.1
34880;1988; 3;   5.5
34880;1988; 4;   0.0
34880;1988; 5;   0.0
34880;1988; 6;   0.0
34880;1988; 7;   0.0
34880;1988; 8;   0.0
34880;1988; 9;   0.0
34880;1988;10;   0.0
34880;1988;11;   2.0
34880;1988;12;   6.1
34880;1989; 1;  10.0
34880;1989; 2;   6.0
34880;1989; 3;   0.0
34880;1989; 4;   0.0
34880;1989; 5;   0.0
34880;1989; 6;   0.0
34880;1989; 7;   0.0
34880;1989; 8;   0.0
34880;1989; 9;   0.0
34880;1989;10;   0.0
34880;1989;11;   6.4
34880;1989;12;   0.5
34880;1990; 1;   8.5
34880;1990; 2;   1.3
34880;1990; 3;   0.1
34880;1990; 4;   0.0
34880;1990; 5;   0.0
34880;1990; 6;   0.0
34880;1990; 7;   0.0
34880;1990; 8;   0.0
34880;1990; 9;   0.0
34880;1990;10;   0.0
34880;1990;11;   4.3
34880;1990;12;   0.0
34880;1991; 1;   2.2
34880;1991; 2;   0.0
34880;1991; 3;   0.0
34880;1991; 4;   0.0
34880;1991; 5;   0.0
34880;1991; 6;   0.0
34880;1991; 7;   0.0
34880;1991; 8;   0.0
34880;1991; 9;   0.0
34880;1991;10;   0.0
34880;1991;11;   0.2
34880;1991;12;   3.4
34880;1992; 1;   3.0
34880;1992; 2;   3.2
34880;1992; 3;   1.8
34880;1992; 4;   0.0
34880;1992; 5;   0.0
34880;1992; 6;   0.0
34880;1992; 7;   0.0
34880;1992; 8;   0.0
34880;1992; 9;   0.0
34880;1992;10;   0.0
34880;1992;11;   0.5
34880;1992;12;   3.6
34880;1993; 1;   6.5
34880;1993; 2;   0.0
34880;1993; 3;   0.4
34880;1993; 4;   0.1
34880;1993; 5;   0.0
34880;1993; 6;   0.0
34880;1993; 7;   0.0
34880;1993; 8;   0.0
34880;1993; 9;   0.0
34880;1993;10;   0.0
34880;1993;11;   0.0
34880;1993;12;   3.1
34880;1994; 1;   1.9
34880;1994; 2;   1.2
34880;1994; 3;   2.4
34880;1994; 4;   0.0
34880;1994; 5;   0.0
34880;1994; 6;   0.0
34880;1994; 7;   0.0
34880;1994; 8;   0.0
34880;1994; 9;   0.0
34880;1994;10;   0.0
34880;1994;11;   0.0
34880;1994;12;   0.0
34880;1995; 1;   2.8
34880;1995; 2;   0.4
34880;1995; 3;   0.0
34880;1995; 4;   0.0
34880;1995; 5;   0.0
34880;1995; 6;   0.0
34880;1995; 7;   0.0
34880;1995; 8;   0.0
34880;1995; 9;   0.0
34880;1995;10;   0.0
34880;1995;11;  12.9
34880;1995;12;   0.4
34880;1996; 1;   0.0
34880;1996; 2;   0.0
34880;1996; 3;   0.0
34880;1996; 4;   0.0
34880;1996; 5;   0.0
34880;1996; 6;   0.0
34880;1996; 7;   0.0
34880;1996; 8;   0.0
34880;1996; 9;   0.0
34880;1996;10;   0.0
34880;1996;11;   0.0
34880;1996;12;   4.3
34880;1997; 1;   6.2
34880;1997; 2;   0.6
34880;1997; 3;   0.8
34880;1997; 4;   0.0
34880;1997; 5;   0.0
34880;1997; 6;   0.0
34880;1997; 7;   0.0
34880;1997; 8;   0.0
34880;1997; 9;   0.0
34880;1997;10;   7.3
34880;1997;11;   0.0
34880;1997;12;   2.6
34880;1998; 1;   2.3
34880;1998; 2;  11.3
34880;1998; 3;  21.0
34880;1998; 4;   0.0
34880;1998; 5;   0.0
34880;1998; 6;   0.0
34880;1998; 7;   0.0
34880;1998; 8;   0.0
34880;1998; 9;   0.0
34880;1998;10;   0.0
34880;1998;11;   0.2
34880;1998;12;   0.0
34880;1999; 1;   0.0
34880;1999; 2;   0.0
34880;1999; 3;   0.0
34880;1999; 4;   0.0
34880;1999; 5;   0.0
34880;1999; 6;   0.0
34880;1999; 7;   0.0
34880;1999; 8;   0.0
34880;1999; 9;   0.0
34880;1999;10;   0.0
34880;1999;11;  16.4
34880;1999;12;   0.3
34880;2000; 1;   0.9
34880;2000; 2;   0.3
34880;2000; 3;   0.0
34880;2000; 4;   0.0
34880;2000; 5;   0.0
34880;2000; 6;   0.0
34880;2000; 7;   0.0
34880;2000; 8;   0.0
34880;2000; 9;   0.0
34880;2000;10;   0.0
34880;2000;11;   0.3
34880;2000;12;   0.7
34880;2001; 1;   0.0
34880;2001; 2;   0.0
34880;2001; 3;   4.9
34880;2001; 4;   0.0
34880;2001; 5;   0.0
34880;2001; 6;   0.0
34880;2001; 7;   0.0
34880;2001; 8;   0.0
34880;2001; 9;   0.0
34880;2001;10;   0.0
34880;2001;11;   0.0
34880;2001;12;  11.3
34880;2002; 1;   0.4
34880;2002; 2;   5.6
34880;2002; 3;   1.2
34880;2002; 4;   0.0
34880;2002; 5;  11.5
34880;2002; 6;   0.0
34880;2002; 7;   0.0
34880;2002; 8;   0.0
34880;2002; 9;   0.0
34880;2002;10;   0.0
34880;2002;11;   0.0
34880;2002;12;   0.2
34880;2003; 1;   0.1
34880;2003; 2;   0.3
34880;2003; 3;   0.0
34880;2003; 4;   0.0
34880;2003; 5;   0.0
34880;2003; 6;   0.0
34880;2003; 7;   0.0
34880;2003; 8;   0.0
34880;2003; 9;   0.0
34880;2003;10;   0.0
34880;2003;11;   3.9
34880;2003;12;   9.8
34880;2004; 1;  11.5
34880;2004; 2;   5.5
34880;2004; 3;   6.5
34880;2004; 4;   0.9
34880;2004; 5;   0.0
34880;2004; 6;   0.0
34880;2004; 7;   0.0
34880;2004; 8;   0.0
34880;2004; 9;   0.0
34880;2004;10;   0.0
34880;2004;11;   8.2
34880;2004;12;   8.9
34880;2005; 1;   0.0
34880;2005; 2;   3.4
34880;2005; 3;   2.8
34880;2005; 4;   0.0
34880;2005; 5;   0.0
34880;2005; 6;   0.0
34880;2005; 7;   0.0
34880;2005; 8;   0.0
34880;2005; 9;   0.0
34880;2005;10;   0.0
34880;2005;11;   0.1
34880;2005;12;   2.8
34880;2006; 1;   0.0
34880;2006; 2;   0.6
34880;2006; 3;   4.1
34880;2006; 4;   0.0
34880;2006; 5;   0.0
34880;2006; 6;   0.0
34880;2006; 7;   0.0
34880;2006; 8;   0.0
34880;2006; 9;   0.0
34880;2006;10;   0.0
34880;2006;11;   4.9
34880;2006;12;  15.5
34880;2007; 1;   0.4
34880;2007; 2;   1.8
34880;2007; 3;   0.0
34880;2007; 4;   0.0
34880;2007; 5;   0.0
34880;2007; 6;   0.0
34880;2007; 7;   0.0
34880;2007; 8;   0.0
34880;2007; 9;   0.0
34880;2007;10;   0.0
34880;2007;11;   6.9
34880;2007;12;  12.8
34880;2008; 1;   2.6
34880;2008; 2;   0.0
34880;2008; 3;   0.0
34880;2008; 4;   0.0
34880;2008; 5;   0.0
34880;2008; 6;   0.0
34880;2008; 7;   0.0
34880;2008; 8;   0.0
34880;2008; 9;   0.0
34880;2008;10;   0.0
34880;2008;11;   0.2
34880;2008;12;   8.5
34880;2009; 1;   1.1
34880;2009; 2;   6.0
34880;2009; 3;   9.9
34880;2009; 4;   0.0
34880;2009; 5;   0.0
34880;2009; 6;   0.0
34880;2009; 7;   0.0
34880;2009; 8;   0.0
34880;2009; 9;   0.0
34880;2009;10;   0.0
34880;2009;11;   0.2
34880;2009;12;   3.9
34880;2010; 1;   0.0
34880;2010; 2;   0.0
34880;2010; 3;   0.2
34880;2010; 4;   0.0
34880;2010; 5;   0.0
34880;2010; 6;   0.0
34880;2010; 7;   0.0
34880;2010; 8;   0.0
34880;2010; 9;   0.0
34880;2010;10;   0.0
34880;2010;11;   0.0
34880;2010;12;   2.2
34880;2011; 1;   2.2
34880;2011; 2;  20.7
34880;2011; 3;   2.6
34880;2011; 4;   0.0
34880;2011; 5;   0.0
34880;2011; 6;   0.0
34880;2011; 7;   0.0
34880;2011; 8;   0.0
34880;2011; 9;   0.0
34880;2011;10;   0.0
34880;2011;11;   8.7
34880;2011;12;   0.9
34880;2012; 1;  10.1
34880;2012; 2;   0.0
34880;2012; 3;   0.7
34880;2012; 4;   0.0
34880;2012; 5;   0.0
34880;2012; 6;   0.0
34880;2012; 7;   0.0
34880;2012; 8;   0.0
34880;2012; 9;   0.0
34880;2012;10;   0.0
34880;2012;11;   0.0
34880;2012;12;   5.5
34880;2013; 1;   4.1
34880;2013; 2;   0.0
34880;2013; 3;   0.0
34880;2013; 4;   0.0
34880;2013; 5;   0.0
34880;2013; 6;   0.0
34880;2013; 7;   0.0
34880;2013; 8;   0.0
34880;2013; 9;   0.0
34880;2013;10;   0.0
34880;2013;11;   0.0
34880;2013;12;   0.0
34880;2014; 1;   0.2
34880;2014; 2;   0.0
34880;2014; 3;  10.7
34880;2014; 4;   0.0
34880;2014; 5;   9.8
34880;2014; 6;   0.0
34880;2014; 7;   0.0
34880;2014; 8;   0.0
34880;2014; 9;   0.0
34880;2014;10;   0.9
34880;2014;11;   7.2
34880;2014;12;   0.0
34880;2015; 1;   1.3
34880;2015; 2;   0.0
34880;2015; 3;   0.0
34880;2015; 4;   0.0
34880;2015; 5;   0.0
34880;2015; 6;   0.0
34880;2015; 7;   0.0
34880;2015; 8;   0.0
34880;2015; 9;   0.0
34880;2015;10;   0.0
34880;2015;11;   0.0
34880;2015;12;   0.6
